gvkey	date	permco
1690	200001	7
1690	200002	7
1690	200003	7
1690	200004	7
1690	200005	7
1690	200006	7
1690	200007	7
1690	200008	7
1690	200009	7
1690	200010	7
1690	200011	7
1690	200012	7
1690	200101	7
1690	200102	7
1690	200103	7
1690	200104	7
1690	200105	7
1690	200106	7
1690	200107	7
1690	200108	7
1690	200109	7
1690	200110	7
1690	200111	7
1690	200112	7
1690	200201	7
1690	200202	7
1690	200203	7
1690	200204	7
1690	200205	7
1690	200206	7
1690	200207	7
1690	200208	7
1690	200209	7
1690	200210	7
1690	200211	7
1690	200212	7
1690	200301	7
1690	200302	7
1690	200303	7
1690	200304	7
1690	200305	7
1690	200306	7
1690	200307	7
1690	200308	7
1690	200309	7
1690	200310	7
1690	200311	7
1690	200312	7
1690	200401	7
1690	200402	7
1690	200403	7
1690	200404	7
1690	200405	7
1690	200406	7
1690	200407	7
1690	200408	7
1690	200409	7
1690	200410	7
1690	200411	7
1690	200412	7
1690	200501	7
1690	200502	7
1690	200503	7
1690	200504	7
1690	200505	7
1690	200506	7
1690	200507	7
1690	200508	7
1690	200509	7
1690	200510	7
1690	200511	7
1690	200512	7
1690	200601	7
1690	200602	7
1690	200603	7
1690	200604	7
1690	200605	7
1690	200606	7
1690	200607	7
1690	200608	7
1690	200609	7
1690	200610	7
1690	200611	7
1690	200612	7
1690	200701	7
1690	200702	7
1690	200703	7
1690	200704	7
1690	200705	7
1690	200706	7
1690	200707	7
1690	200708	7
1690	200709	7
1690	200710	7
1690	200711	7
1690	200712	7
1690	200801	7
1690	200802	7
1690	200803	7
1690	200804	7
1690	200805	7
1690	200806	7
1690	200807	7
1690	200808	7
1690	200809	7
1690	200810	7
1690	200811	7
1690	200812	7
1690	200901	7
1690	200902	7
1690	200903	7
1690	200904	7
1690	200905	7
1690	200906	7
1690	200907	7
1690	200908	7
1690	200909	7
1690	200910	7
1690	200911	7
1690	200912	7
1690	201001	7
1690	201002	7
1690	201003	7
1690	201004	7
1690	201005	7
1690	201006	7
1690	201007	7
1690	201008	7
1690	201009	7
1690	201010	7
1690	201011	7
1690	201012	7
1690	201101	7
1690	201102	7
1690	201103	7
1690	201104	7
1690	201105	7
1690	201106	7
1690	201107	7
1690	201108	7
1690	201109	7
1690	201110	7
1690	201111	7
1690	201112	7
1690	201201	7
1690	201202	7
1690	201203	7
1690	201204	7
1690	201205	7
1690	201206	7
1690	201207	7
1690	201208	7
1690	201209	7
1690	201210	7
1690	201211	7
1690	201212	7
1690	201301	7
1690	201302	7
1690	201303	7
1690	201304	7
1690	201305	7
1690	201306	7
1690	201307	7
1690	201308	7
1690	201309	7
1690	201310	7
1690	201311	7
1690	201312	7
1690	201401	7
1690	201402	7
1690	201403	7
1690	201404	7
1690	201405	7
1690	201406	7
1690	201407	7
1690	201408	7
1690	201409	7
1690	201410	7
1690	201411	7
1690	201412	7
1690	201501	7
1690	201502	7
1690	201503	7
1690	201504	7
1690	201505	7
1690	201506	7
1690	201507	7
1690	201508	7
1690	201509	7
1690	201510	7
1690	201511	7
1690	201512	7
1690	201601	7
1690	201602	7
1690	201603	7
1690	201604	7
1690	201605	7
1690	201606	7
1690	201607	7
1690	201608	7
1690	201609	7
1690	201610	7
1690	201611	7
1690	201612	7
1690	201701	7
1690	201702	7
1690	201703	7
1690	201704	7
1690	201705	7
1690	201706	7
1690	201707	7
1690	201708	7
1690	201709	7
1690	201710	7
1690	201711	7
1690	201712	7
1690	201801	7
1690	201802	7
1690	201803	7
1690	201804	7
1690	201805	7
1690	201806	7
1690	201807	7
1690	201808	7
1690	201809	7
1690	201810	7
1690	201811	7
1690	201812	7
1690	201901	7
1487	200001	137
1487	200002	137
1487	200003	137
1487	200004	137
1487	200005	137
1487	200006	137
1487	200007	137
1487	200008	137
1487	200009	137
1487	200010	137
1487	200011	137
1487	200012	137
1487	200101	137
1487	200102	137
1487	200103	137
1487	200104	137
1487	200105	137
1487	200106	137
1487	200107	137
1487	200108	137
1487	200109	137
1487	200110	137
1487	200111	137
1487	200112	137
1487	200201	137
1487	200202	137
1487	200203	137
1487	200204	137
1487	200205	137
1487	200206	137
1487	200207	137
1487	200208	137
1487	200209	137
1487	200210	137
1487	200211	137
1487	200212	137
1487	200301	137
1487	200302	137
1487	200303	137
1487	200304	137
1487	200305	137
1487	200306	137
1487	200307	137
1487	200308	137
1487	200309	137
1487	200310	137
1487	200311	137
1487	200312	137
1487	200401	137
1487	200402	137
1487	200403	137
1487	200404	137
1487	200405	137
1487	200406	137
1487	200407	137
1487	200408	137
1487	200409	137
1487	200410	137
1487	200411	137
1487	200412	137
1487	200501	137
1487	200502	137
1487	200503	137
1487	200504	137
1487	200505	137
1487	200506	137
1487	200507	137
1487	200508	137
1487	200509	137
1487	200510	137
1487	200511	137
1487	200512	137
1487	200601	137
1487	200602	137
1487	200603	137
1487	200604	137
1487	200605	137
1487	200606	137
1487	200607	137
1487	200608	137
1487	200609	137
1487	200610	137
1487	200611	137
1487	200612	137
1487	200701	137
1487	200702	137
1487	200703	137
1487	200704	137
1487	200705	137
1487	200706	137
1487	200707	137
1487	200708	137
1487	200709	137
1487	200710	137
1487	200711	137
1487	200712	137
1487	200801	137
1487	200802	137
1487	200803	137
1487	200804	137
1487	200805	137
1487	200806	137
1487	200807	137
1487	200808	137
1487	200809	137
1487	200810	137
1487	200811	137
1487	200812	137
1487	200901	137
1487	200902	137
1487	200903	137
1487	200904	137
1487	200905	137
1487	200906	137
1487	200907	137
1487	200908	137
1487	200909	137
1487	200910	137
1487	200911	137
1487	200912	137
1487	201001	137
1487	201002	137
1487	201003	137
1487	201004	137
1487	201005	137
1487	201006	137
1487	201007	137
1487	201008	137
1487	201009	137
1487	201010	137
1487	201011	137
1487	201012	137
1487	201101	137
1487	201102	137
1487	201103	137
1487	201104	137
1487	201105	137
1487	201106	137
1487	201107	137
1487	201108	137
1487	201109	137
1487	201110	137
1487	201111	137
1487	201112	137
1487	201201	137
1487	201202	137
1487	201203	137
1487	201204	137
1487	201205	137
1487	201206	137
1487	201207	137
1487	201208	137
1487	201209	137
1487	201210	137
1487	201211	137
1487	201212	137
1487	201301	137
1487	201302	137
1487	201303	137
1487	201304	137
1487	201305	137
1487	201306	137
1487	201307	137
1487	201308	137
1487	201309	137
1487	201310	137
1487	201311	137
1487	201312	137
1487	201401	137
1487	201402	137
1487	201403	137
1487	201404	137
1487	201405	137
1487	201406	137
1487	201407	137
1487	201408	137
1487	201409	137
1487	201410	137
1487	201411	137
1487	201412	137
1487	201501	137
1487	201502	137
1487	201503	137
1487	201504	137
1487	201505	137
1487	201506	137
1487	201507	137
1487	201508	137
1487	201509	137
1487	201510	137
1487	201511	137
1487	201512	137
1487	201601	137
1487	201602	137
1487	201603	137
1487	201604	137
1487	201605	137
1487	201606	137
1487	201607	137
1487	201608	137
1487	201609	137
1487	201610	137
1487	201611	137
1487	201612	137
1487	201701	137
1487	201702	137
1487	201703	137
1487	201704	137
1487	201705	137
1487	201706	137
1487	201707	137
1487	201708	137
1487	201709	137
1487	201710	137
1487	201711	137
1487	201712	137
1487	201801	137
1487	201802	137
1487	201803	137
1487	201804	137
1487	201805	137
1487	201806	137
1487	201807	137
1487	201808	137
1487	201809	137
1487	201810	137
1487	201811	137
1487	201812	137
1487	201901	137
7647	200001	3151
7647	200002	3151
7647	200003	3151
7647	200004	3151
7647	200005	3151
7647	200006	3151
7647	200007	3151
7647	200008	3151
7647	200009	3151
7647	200010	3151
7647	200011	3151
7647	200012	3151
7647	200101	3151
7647	200102	3151
7647	200103	3151
7647	200104	3151
7647	200105	3151
7647	200106	3151
7647	200107	3151
7647	200108	3151
7647	200109	3151
7647	200110	3151
7647	200111	3151
7647	200112	3151
7647	200201	3151
7647	200202	3151
7647	200203	3151
7647	200204	3151
7647	200205	3151
7647	200206	3151
7647	200207	3151
7647	200208	3151
7647	200209	3151
7647	200210	3151
7647	200211	3151
7647	200212	3151
7647	200301	3151
7647	200302	3151
7647	200303	3151
7647	200304	3151
7647	200305	3151
7647	200306	3151
7647	200307	3151
7647	200308	3151
7647	200309	3151
7647	200310	3151
7647	200311	3151
7647	200312	3151
7647	200401	3151
7647	200402	3151
7647	200403	3151
7647	200404	3151
7647	200405	3151
7647	200406	3151
7647	200407	3151
7647	200408	3151
7647	200409	3151
7647	200410	3151
7647	200411	3151
7647	200412	3151
7647	200501	3151
7647	200502	3151
7647	200503	3151
7647	200504	3151
7647	200505	3151
7647	200506	3151
7647	200507	3151
7647	200508	3151
7647	200509	3151
7647	200510	3151
7647	200511	3151
7647	200512	3151
7647	200601	3151
7647	200602	3151
7647	200603	3151
7647	200604	3151
7647	200605	3151
7647	200606	3151
7647	200607	3151
7647	200608	3151
7647	200609	3151
7647	200610	3151
7647	200611	3151
7647	200612	3151
7647	200701	3151
7647	200702	3151
7647	200703	3151
7647	200704	3151
7647	200705	3151
7647	200706	3151
7647	200707	3151
7647	200708	3151
7647	200709	3151
7647	200710	3151
7647	200711	3151
7647	200712	3151
7647	200801	3151
7647	200802	3151
7647	200803	3151
7647	200804	3151
7647	200805	3151
7647	200806	3151
7647	200807	3151
7647	200808	3151
7647	200809	3151
7647	200810	3151
7647	200811	3151
7647	200812	3151
7647	200901	3151
7647	200902	3151
7647	200903	3151
7647	200904	3151
7647	200905	3151
7647	200906	3151
7647	200907	3151
7647	200908	3151
7647	200909	3151
7647	200910	3151
7647	200911	3151
7647	200912	3151
7647	201001	3151
7647	201002	3151
7647	201003	3151
7647	201004	3151
7647	201005	3151
7647	201006	3151
7647	201007	3151
7647	201008	3151
7647	201009	3151
7647	201010	3151
7647	201011	3151
7647	201012	3151
7647	201101	3151
7647	201102	3151
7647	201103	3151
7647	201104	3151
7647	201105	3151
7647	201106	3151
7647	201107	3151
7647	201108	3151
7647	201109	3151
7647	201110	3151
7647	201111	3151
7647	201112	3151
7647	201201	3151
7647	201202	3151
7647	201203	3151
7647	201204	3151
7647	201205	3151
7647	201206	3151
7647	201207	3151
7647	201208	3151
7647	201209	3151
7647	201210	3151
7647	201211	3151
7647	201212	3151
7647	201301	3151
7647	201302	3151
7647	201303	3151
7647	201304	3151
7647	201305	3151
7647	201306	3151
7647	201307	3151
7647	201308	3151
7647	201309	3151
7647	201310	3151
7647	201311	3151
7647	201312	3151
7647	201401	3151
7647	201402	3151
7647	201403	3151
7647	201404	3151
7647	201405	3151
7647	201406	3151
7647	201407	3151
7647	201408	3151
7647	201409	3151
7647	201410	3151
7647	201411	3151
7647	201412	3151
7647	201501	3151
7647	201502	3151
7647	201503	3151
7647	201504	3151
7647	201505	3151
7647	201506	3151
7647	201507	3151
7647	201508	3151
7647	201509	3151
7647	201510	3151
7647	201511	3151
7647	201512	3151
7647	201601	3151
7647	201602	3151
7647	201603	3151
7647	201604	3151
7647	201605	3151
7647	201606	3151
7647	201607	3151
7647	201608	3151
7647	201609	3151
7647	201610	3151
7647	201611	3151
7647	201612	3151
7647	201701	3151
7647	201702	3151
7647	201703	3151
7647	201704	3151
7647	201705	3151
7647	201706	3151
7647	201707	3151
7647	201708	3151
7647	201709	3151
7647	201710	3151
7647	201711	3151
7647	201712	3151
7647	201801	3151
7647	201802	3151
7647	201803	3151
7647	201804	3151
7647	201805	3151
7647	201806	3151
7647	201807	3151
7647	201808	3151
7647	201809	3151
7647	201810	3151
7647	201811	3151
7647	201812	3151
7647	201901	3151
64768	200001	15473
64768	200002	15473
64768	200003	15473
64768	200004	15473
64768	200005	15473
64768	200006	15473
64768	200007	15473
64768	200008	15473
64768	200009	15473
64768	200010	15473
64768	200011	15473
64768	200012	15473
64768	200101	15473
64768	200102	15473
64768	200103	15473
64768	200104	15473
64768	200105	15473
64768	200106	15473
64768	200107	15473
64768	200108	15473
64768	200109	15473
64768	200110	15473
64768	200111	15473
64768	200112	15473
64768	200201	15473
64768	200202	15473
64768	200203	15473
64768	200204	15473
64768	200205	15473
64768	200206	15473
64768	200207	15473
64768	200208	15473
64768	200209	15473
64768	200210	15473
64768	200211	15473
64768	200212	15473
64768	200301	15473
64768	200302	15473
64768	200303	15473
64768	200304	15473
64768	200305	15473
64768	200306	15473
64768	200307	15473
64768	200308	15473
64768	200309	15473
64768	200310	15473
64768	200311	15473
64768	200312	15473
64768	200401	15473
64768	200402	15473
64768	200403	15473
64768	200404	15473
64768	200405	15473
64768	200406	15473
64768	200407	15473
64768	200408	15473
64768	200409	15473
64768	200410	15473
64768	200411	15473
64768	200412	15473
64768	200501	15473
64768	200502	15473
64768	200503	15473
64768	200504	15473
64768	200505	15473
64768	200506	15473
64768	200507	15473
64768	200508	15473
64768	200509	15473
64768	200510	15473
64768	200511	15473
64768	200512	15473
64768	200601	15473
64768	200602	15473
64768	200603	15473
64768	200604	15473
64768	200605	15473
64768	200606	15473
64768	200607	15473
64768	200608	15473
64768	200609	15473
64768	200610	15473
64768	200611	15473
64768	200612	15473
64768	200701	15473
64768	200702	15473
64768	200703	15473
64768	200704	15473
64768	200705	15473
64768	200706	15473
64768	200707	15473
64768	200708	15473
64768	200709	15473
64768	200710	15473
64768	200711	15473
64768	200712	15473
64768	200801	15473
64768	200802	15473
64768	200803	15473
64768	200804	15473
64768	200805	15473
64768	200806	15473
64768	200807	15473
64768	200808	15473
64768	200809	15473
64768	200810	15473
64768	200811	15473
64768	200812	15473
64768	200901	15473
64768	200902	15473
64768	200903	15473
64768	200904	15473
64768	200905	15473
64768	200906	15473
64768	200907	15473
64768	200908	15473
64768	200909	15473
64768	200910	15473
64768	200911	15473
64768	200912	15473
64768	201001	15473
64768	201002	15473
64768	201003	15473
64768	201004	15473
64768	201005	15473
64768	201006	15473
64768	201007	15473
64768	201008	15473
64768	201009	15473
64768	201010	15473
64768	201011	15473
64768	201012	15473
64768	201101	15473
64768	201102	15473
64768	201103	15473
64768	201104	15473
64768	201105	15473
64768	201106	15473
64768	201107	15473
64768	201108	15473
64768	201109	15473
64768	201110	15473
64768	201111	15473
64768	201112	15473
64768	201201	15473
64768	201202	15473
64768	201203	15473
64768	201204	15473
64768	201205	15473
64768	201206	15473
64768	201207	15473
64768	201208	15473
64768	201209	15473
64768	201210	15473
64768	201211	15473
64768	201212	15473
64768	201301	15473
64768	201302	15473
64768	201303	15473
64768	201304	15473
64768	201305	15473
64768	201306	15473
64768	201307	15473
64768	201308	15473
64768	201309	15473
64768	201310	15473
64768	201311	15473
64768	201312	15473
64768	201401	15473
64768	201402	15473
64768	201403	15473
64768	201404	15473
64768	201405	15473
64768	201406	15473
64768	201407	15473
64768	201408	15473
64768	201409	15473
64768	201410	15473
64768	201411	15473
64768	201412	15473
64768	201501	15473
64768	201502	15473
64768	201503	15473
64768	201504	15473
64768	201505	15473
64768	201506	15473
64768	201507	15473
64768	201508	15473
64768	201509	15473
64768	201510	15473
64768	201511	15473
64768	201512	15473
64768	201601	15473
64768	201602	15473
64768	201603	15473
64768	201604	15473
64768	201605	15473
64768	201606	15473
64768	201607	15473
64768	201608	15473
64768	201609	15473
64768	201610	15473
64768	201611	15473
64768	201612	15473
64768	201701	15473
64768	201702	15473
64768	201703	15473
64768	201704	15473
64768	201705	15473
64768	201706	15473
64768	201707	15473
64768	201708	15473
64768	201709	15473
64768	201710	15473
64768	201711	15473
64768	201712	15473
64768	201801	15473
64768	201802	15473
64768	201803	15473
64768	201804	15473
64768	201805	15473
64768	201806	15473
64768	201807	15473
64768	201808	15473
64768	201809	15473
64768	201810	15473
64768	201811	15473
64768	201812	15473
64768	201901	15473
114628	200001	35048
114628	200002	35048
114628	200003	35048
114628	200004	35048
114628	200005	35048
114628	200006	35048
114628	200007	35048
114628	200008	35048
114628	200009	35048
114628	200010	35048
114628	200011	35048
114628	200012	35048
114628	200101	35048
114628	200102	35048
114628	200103	35048
114628	200104	35048
114628	200105	35048
114628	200106	35048
114628	200107	35048
114628	200108	35048
114628	200109	35048
114628	200110	35048
114628	200111	35048
114628	200112	35048
114628	200201	35048
114628	200202	35048
114628	200203	35048
114628	200204	35048
114628	200205	35048
114628	200206	35048
114628	200207	35048
114628	200208	35048
114628	200209	35048
114628	200210	35048
114628	200211	35048
114628	200212	35048
114628	200301	35048
114628	200302	35048
114628	200303	35048
114628	200304	35048
114628	200305	35048
114628	200306	35048
114628	200307	35048
114628	200308	35048
114628	200309	35048
114628	200310	35048
114628	200311	35048
114628	200312	35048
114628	200401	35048
114628	200402	35048
114628	200403	35048
114628	200404	35048
114628	200405	35048
114628	200406	35048
114628	200407	35048
114628	200408	35048
114628	200409	35048
114628	200410	35048
114628	200411	35048
114628	200412	35048
114628	200501	35048
114628	200502	35048
114628	200503	35048
114628	200504	35048
114628	200505	35048
114628	200506	35048
114628	200507	35048
114628	200508	35048
114628	200509	35048
114628	200510	35048
114628	200511	35048
114628	200512	35048
114628	200601	35048
114628	200602	35048
114628	200603	35048
114628	200604	35048
114628	200605	35048
114628	200606	35048
114628	200607	35048
114628	200608	35048
114628	200609	35048
114628	200610	35048
114628	200611	35048
114628	200612	35048
114628	200701	35048
114628	200702	35048
114628	200703	35048
114628	200704	35048
114628	200705	35048
114628	200706	35048
114628	200707	35048
114628	200708	35048
114628	200709	35048
114628	200710	35048
114628	200711	35048
114628	200712	35048
114628	200801	35048
114628	200802	35048
114628	200803	35048
114628	200804	35048
114628	200805	35048
114628	200806	35048
114628	200807	35048
114628	200808	35048
114628	200809	35048
114628	200810	35048
114628	200811	35048
114628	200812	35048
114628	200901	35048
114628	200902	35048
114628	200903	35048
114628	200904	35048
114628	200905	35048
114628	200906	35048
114628	200907	35048
114628	200908	35048
114628	200909	35048
114628	200910	35048
114628	200911	35048
114628	200912	35048
114628	201001	35048
114628	201002	35048
114628	201003	35048
114628	201004	35048
114628	201005	35048
114628	201006	35048
114628	201007	35048
114628	201008	35048
114628	201009	35048
114628	201010	35048
114628	201011	35048
114628	201012	35048
114628	201101	35048
114628	201102	35048
114628	201103	35048
114628	201104	35048
114628	201105	35048
114628	201106	35048
114628	201107	35048
114628	201108	35048
114628	201109	35048
114628	201110	35048
114628	201111	35048
114628	201112	35048
114628	201201	35048
114628	201202	35048
114628	201203	35048
114628	201204	35048
114628	201205	35048
114628	201206	35048
114628	201207	35048
114628	201208	35048
114628	201209	35048
114628	201210	35048
114628	201211	35048
114628	201212	35048
114628	201301	35048
114628	201302	35048
114628	201303	35048
114628	201304	35048
114628	201305	35048
114628	201306	35048
114628	201307	35048
114628	201308	35048
114628	201309	35048
114628	201310	35048
114628	201311	35048
114628	201312	35048
114628	201401	35048
114628	201402	35048
114628	201403	35048
114628	201404	35048
114628	201405	35048
114628	201406	35048
114628	201407	35048
114628	201408	35048
114628	201409	35048
114628	201410	35048
114628	201411	35048
114628	201412	35048
114628	201501	35048
114628	201502	35048
114628	201503	35048
114628	201504	35048
114628	201505	35048
114628	201506	35048
114628	201507	35048
114628	201508	35048
114628	201509	35048
114628	201510	35048
114628	201511	35048
114628	201512	35048
114628	201601	35048
114628	201602	35048
114628	201603	35048
114628	201604	35048
114628	201605	35048
114628	201606	35048
114628	201607	35048
114628	201608	35048
114628	201609	35048
114628	201610	35048
114628	201611	35048
114628	201612	35048
114628	201701	35048
114628	201702	35048
114628	201703	35048
114628	201704	35048
114628	201705	35048
114628	201706	35048
114628	201707	35048
114628	201708	35048
114628	201709	35048
114628	201710	35048
114628	201711	35048
114628	201712	35048
114628	201801	35048
114628	201802	35048
114628	201803	35048
114628	201804	35048
114628	201805	35048
114628	201806	35048
114628	201807	35048
114628	201808	35048
114628	201809	35048
114628	201810	35048
114628	201811	35048
114628	201812	35048
114628	201901	35048
170617	201205	54084
170617	201206	54084
170617	201207	54084
170617	201208	54084
170617	201209	54084
170617	201210	54084
170617	201211	54084
170617	201212	54084
170617	201301	54084
170617	201302	54084
170617	201303	54084
170617	201304	54084
170617	201305	54084
170617	201306	54084
170617	201307	54084
170617	201308	54084
170617	201309	54084
170617	201310	54084
170617	201311	54084
170617	201312	54084
170617	201401	54084
170617	201402	54084
170617	201403	54084
170617	201404	54084
170617	201405	54084
170617	201406	54084
170617	201407	54084
170617	201408	54084
170617	201409	54084
170617	201410	54084
170617	201411	54084
170617	201412	54084
170617	201501	54084
170617	201502	54084
170617	201503	54084
170617	201504	54084
170617	201505	54084
170617	201506	54084
170617	201507	54084
170617	201508	54084
170617	201509	54084
170617	201510	54084
170617	201511	54084
170617	201512	54084
170617	201601	54084
170617	201602	54084
170617	201603	54084
170617	201604	54084
170617	201605	54084
170617	201606	54084
170617	201607	54084
170617	201608	54084
170617	201609	54084
170617	201610	54084
170617	201611	54084
170617	201612	54084
170617	201701	54084
170617	201702	54084
170617	201703	54084
170617	201704	54084
170617	201705	54084
170617	201706	54084
170617	201707	54084
170617	201708	54084
170617	201709	54084
170617	201710	54084
170617	201711	54084
170617	201712	54084
170617	201801	54084
170617	201802	54084
170617	201803	54084
170617	201804	54084
170617	201805	54084
170617	201806	54084
170617	201807	54084
170617	201808	54084
170617	201809	54084
170617	201810	54084
170617	201811	54084
170617	201812	54084
170617	201901	54084
